# grbg

grbg <- 12919235889